0.006008148193359375
0.0
0.002007007598876953
0.010009288787841797
0.0019807815551757812
0.03589606285095215
0.08476495742797852
0.05879998207092285
0.1257009506225586
0.3111422061920166
0.29421043395996094
0.23137974739074707
0.22439932823181152
0.18949246406555176
0.298198938369751
0.40097475051879883
0.520606279373169
0.6941876411437988
0.5266120433807373
2.0116231441497803
1.5149500370025635
1.2167909145355225
2.934152603149414
4.103052377700806
1.8370888233184814
3.5525336265563965
2.2280120849609375
3.5375449657440186
2.5412042140960693
4.904878854751587
4.072159290313721
8.056463956832886
8.594010591506958
13.617589235305786
9.472649335861206
15.195370435714722
12.237282276153564
8.67380976676941
18.49854588508606
13.625618696212769
18.860530614852905
18.687040090560913
20.51611304283142
17.069363832473755
16.881914615631104
25.997449159622192
30.906375408172607
31.548654079437256
33.216166496276855
36.666972637176514
37.43292808532715
33.51343035697937
47.43317365646362
47.659611225128174
56.562739849090576
71.33249306678772
58.46469807624817
56.1897828578949
89.6862223148346
64.91644430160522
69.84826493263245
75.047367811203
66.38952088356018
101.8713653087616
102.16490840911865
125.9363763332367
